<<<<<<< HEAD
-0.310000
 0.310000
 0.000000
 0.664000
-0.857000
 0.955000
-0.914000
-0.759000
 0.531000
-0.156000
-0.068000
-0.293000
 0.417000
-0.417000
 0.400000
-0.276000
-0.085000
-0.197000
-0.085000
-0.276000
-0.293000
-0.068000
-0.535000
-0.101000
 0.196000
-0.048000
-0.097000
 0.005000
-0.374000
 0.743000
-0.682000
-0.845000
 0.581000
-0.746000
 0.528000
-0.470000
 0.042000
-0.498000
-0.039000
 0.782000
-0.855000
 0.027000
 0.409000
 0.409000
 0.130000
 0.164000
 0.157000
 0.135000
 0.143000
 0.135000
 0.157000
 0.164000
 0.130000
 0.056000
 0.037000
 0.056000
 0.055000
 0.056000
 0.077000
 0.084000
 0.014000
 0.009000
 0.039000
 0.000000
 0.120000
 0.120000
 0.120000
 0.096000
 0.091000
 0.450000
-0.450000
=======
-0.310000
 0.310000
 0.000000
 0.664000
-0.857000
 0.955000
-0.914000
-0.759000
 0.531000
-0.156000
-0.068000
-0.293000
 0.417000
-0.417000
 0.400000
-0.276000
-0.085000
-0.197000
-0.085000
-0.276000
-0.293000
-0.068000
-0.535000
-0.101000
 0.196000
-0.048000
-0.097000
 0.005000
-0.374000
 0.743000
-0.682000
-0.845000
 0.581000
-0.746000
 0.528000
-0.494000
 0.042000
-0.498000
-0.039000
 0.782000
-0.855000
 0.027000
 0.409000
 0.409000
 0.130000
 0.164000
 0.157000
 0.135000
 0.143000
 0.135000
 0.157000
 0.164000
 0.130000
 0.056000
 0.037000
 0.056000
 0.055000
 0.056000
 0.077000
 0.084000
 0.014000
 0.009000
 0.039000
 0.000000
 0.120000
 0.120000
 0.120000
 0.096000
 0.091000
 0.450000
-0.450000
>>>>>>> 637199a0b1c9426eeb65cbfb647da115ccfd17cc
