-0.310
 0.310
 0.000
 0.659
-0.861
 0.964
-0.927
-0.770
 0.528
-0.141
-0.085
-0.282
 0.410
-0.415
 0.395
-0.274
-0.086
-0.200
-0.086
-0.274
-0.282
-0.085
-0.531
-0.116
 0.198
-0.042
-0.366
 1.111
-0.700
-1.184
 0.778
-0.785
 0.044
-0.507
 0.044
 0.612
-0.398
-0.398
-0.398
 0.045
-0.141
-0.030
 0.792
-0.856
 0.027
 0.413
 0.413
 0.132
 0.161
 0.155
 0.133
 0.141
 0.133
 0.155
 0.161
 0.132
 0.052
 0.092
 0.089
 0.121
 0.031
 0.046
 0.000
 0.078
 0.078
 0.078
 0.078
 0.078
 0.078
 0.078
 0.078
 0.078
 0.062
 0.077
 0.062
 0.064
 0.034
 0.052
 0.450
-0.450
