-0.310000
 0.310000
 0.000000
 0.659000
-0.861000
 0.964000
-0.927000
-0.770000
 0.528000
-0.141000
-0.085000
-0.282000
 0.410000
-0.415000
 0.395000
-0.274000
-0.086000
-0.200000
-0.086000
-0.274000
-0.282000
-0.085000
-0.531000
-0.116000
 0.198000
-0.042000
-0.366000
 1.111000
-0.700000
-1.184000
 0.778000
-0.785000
 0.044000
 0.479000
 0.044000
 0.612000
-0.398000
-0.398000
-0.398000
 0.045000
-0.141000
-0.030000
 0.792000
-0.856000
 0.027000
 0.413000
 0.413000
 0.132000
 0.161000
 0.155000
 0.133000
 0.141000
 0.133000
 0.155000
 0.161000
 0.132000
 0.052000
 0.092000
 0.089000
 0.121000
 0.046000
 0.031000
 0.000000
 0.078000
 0.078000
 0.078000
 0.078000
 0.078000
 0.078000
 0.078000
 0.078000
 0.078000
 0.062000
 0.077000
 0.062000
 0.064000
 0.034000
 0.052000
 0.450000
-0.450000
