-0.310
 0.310
 0.000
 0.668
-0.853
 0.959
-0.910
-0.755
 0.535
-0.152
-0.064
-0.289
 0.421
-0.413
 0.404
-0.272
-0.081
-0.193
-0.081
-0.272
-0.289
-0.064
-0.531
-0.097
 0.200
-0.035
-0.370
 0.685
-0.582
-0.488
 0.424
-0.517
 0.146
-0.508
-0.307
-0.210
 0.009
-0.093
-0.044
 0.786
-0.851
 0.031
 0.413
 0.413
 0.134
 0.168
 0.161
 0.139
 0.147
 0.139
 0.161
 0.168
 0.134
 0.060
 0.100
 0.095
 0.264
 0.188
 0.160
 0.160
 0.160
 0.172
 0.128
 0.000
 0.081
 0.088
 0.059
 0.060
 0.041
 0.060
 0.450
-0.450
