-0.310000
 0.310000
 0.000000
 0.668000
-0.853000
 0.959000
-0.910000
-0.755000
 0.535000
-0.152000
-0.064000
-0.289000
 0.421000
-0.413000
 0.404000
-0.272000
-0.081000
-0.193000
-0.081000
-0.272000
-0.289000
-0.064000
-0.531000
-0.097000
 0.200000
-0.035000
-0.370000
 0.685000
-0.582000
-0.488000
 0.424000
-0.517000
 0.146000
-0.508000
-0.307000
-0.210000
 0.009000
-0.093000
-0.044000
 0.786000
-0.851000
 0.031000
 0.413000
 0.413000
 0.134000
 0.168000
 0.161000
 0.139000
 0.147000
 0.139000
 0.161000
 0.168000
 0.134000
 0.060000
 0.100000
 0.095000
 0.264000
 0.188000
 0.160000
 0.160000
 0.160000
 0.172000
 0.128000
 0.000000
 0.081000
 0.088000
 0.059000
 0.060000
 0.041000
 0.060000
 0.450000
-0.450000
